Group 0 1[0]

Group 1 269[9, 11, 50, 60, 61, 64, 66, 70, 78, 81, 83, 90, 96, 97, 110, 115, 119, 120, 128, 131, 141, 158, 159, 165, 168, 169, 170, 173, 177, 179, 182, 189, 193, 194, 195, 202, 217, 220, 224, 225, 228, 249, 250, 251, 252, 254, 260, 268, 270, 276, 277, 289, 309, 310, 312, 314, 317, 328, 332, 335, 341, 348, 354, 355, 377, 380, 383, 384, 386, 407, 414, 423, 432, 444, 445, 448, 454, 463, 480, 483, 485, 486, 487, 489, 508, 510, 515, 519, 529, 536, 537, 542, 546, 548, 558, 564, 585, 586, 589, 592, 593, 594, 599, 607, 609, 615, 618, 619, 628, 629, 630, 641, 642, 663, 668, 669, 674, 676, 696, 698, 722, 746, 753, 757, 763, 769, 772, 780, 781, 784, 788, 795, 809, 820, 821, 823, 842, 846, 849, 868, 869, 877, 881, 887, 901, 905, 917, 918, 919, 920, 927, 939, 941, 953, 957, 960, 975, 985, 988, 989, 993, 1005, 1018, 1026, 1040, 1043, 1046, 1049, 1062, 1070, 1071, 1077, 1078, 1082, 1095, 1097, 1101, 1107, 1114, 1115, 1121, 1122, 1125, 1131, 1135, 1141, 1144, 1152, 1164, 1168, 1172, 1173, 1200, 1201, 1207, 1208, 1214, 1219, 1220, 1237, 1248, 1252, 1254, 1258, 1269, 1271, 1274, 1276, 1278, 1282, 1285, 1303, 1306, 1314, 1324, 1353, 1364, 1365, 1366, 1368, 1377, 1383, 1386, 1391, 1401, 1413, 1420, 1427, 1429, 1442, 1443, 1453, 1460, 1462, 1464, 1469, 1475, 1479, 1481, 1484, 1497, 1500, 1502, 1513, 1516, 1517, 1518, 1519, 1522, 1525, 1528, 1532, 1541, 1552, 1559, 1563, 1574, 1580, 1586, 1591, 1593, 1594, 1595, 1596, 1600, 1612, 1613, 1625, 1632]

Group 2 17[2, 129, 212, 267, 271, 290, 300, 477, 604, 647, 739, 740, 812, 1081, 1087, 1192, 1488]

Group 3 3[658, 1385, 1426]

Group 4 29[4, 57, 79, 306, 313, 324, 472, 502, 552, 583, 601, 634, 694, 761, 808, 835, 899, 1002, 1090, 1138, 1177, 1236, 1268, 1273, 1447, 1492, 1494, 1597, 1598]

Group 5 2[5, 404]

Group 6 13[12, 38, 55, 199, 342, 524, 782, 857, 884, 944, 1027, 1244, 1406]

Group 7 52[87, 98, 101, 109, 144, 148, 154, 205, 288, 327, 350, 364, 382, 424, 436, 437, 439, 453, 465, 470, 493, 505, 509, 533, 575, 688, 712, 767, 833, 847, 854, 876, 907, 908, 954, 986, 995, 1019, 1057, 1146, 1178, 1216, 1230, 1256, 1315, 1352, 1373, 1410, 1478, 1501, 1509, 1531]

Group 8 1[8]

Group 9 6[82, 150, 255, 756, 1396, 1546]

Group 10 53[10, 105, 135, 262, 337, 374, 419, 461, 476, 511, 535, 539, 577, 582, 606, 617, 627, 665, 666, 679, 683, 691, 695, 727, 733, 748, 768, 858, 872, 878, 951, 980, 1065, 1113, 1158, 1188, 1191, 1198, 1310, 1384, 1392, 1403, 1418, 1450, 1458, 1487, 1523, 1562, 1590, 1599, 1616, 1617, 1622]

Group 11 20[164, 292, 339, 449, 468, 703, 758, 904, 999, 1035, 1047, 1118, 1189, 1235, 1251, 1265, 1329, 1340, 1441, 1584]

Group 12 13[112, 417, 469, 879, 1054, 1059, 1094, 1119, 1225, 1279, 1351, 1387, 1605]

Group 13 18[13, 108, 122, 221, 549, 576, 613, 692, 702, 770, 862, 961, 1023, 1156, 1359, 1417, 1556, 1575]

Group 14 47[14, 53, 99, 134, 247, 326, 334, 379, 381, 420, 427, 498, 540, 550, 556, 590, 638, 680, 693, 718, 817, 875, 891, 956, 959, 991, 1004, 1031, 1061, 1064, 1067, 1149, 1161, 1209, 1212, 1336, 1361, 1375, 1439, 1486, 1534, 1535, 1545, 1566, 1571, 1583, 1608]

Group 15 72[93, 147, 157, 167, 239, 283, 367, 391, 406, 408, 416, 473, 479, 484, 494, 501, 520, 566, 568, 572, 579, 602, 621, 644, 678, 687, 708, 713, 728, 736, 741, 750, 766, 806, 866, 885, 888, 898, 911, 915, 924, 931, 934, 950, 1036, 1080, 1092, 1128, 1145, 1194, 1222, 1231, 1239, 1286, 1293, 1326, 1334, 1343, 1349, 1371, 1382, 1389, 1404, 1409, 1419, 1466, 1511, 1539, 1579, 1607, 1623, 1627]

Group 16 11[16, 192, 214, 523, 580, 603, 636, 962, 974, 1291, 1428]

Group 17 39[17, 54, 118, 163, 190, 197, 231, 258, 285, 305, 378, 400, 421, 464, 474, 547, 569, 622, 652, 690, 751, 801, 826, 880, 1039, 1073, 1075, 1108, 1151, 1250, 1294, 1338, 1367, 1376, 1414, 1425, 1496, 1592, 1624]

Group 18 7[18, 174, 261, 643, 1186, 1221, 1381]

Group 19 9[3, 19, 130, 183, 259, 673, 829, 958, 1457]

Group 20 60[20, 52, 67, 69, 86, 104, 111, 162, 187, 226, 330, 331, 345, 353, 366, 395, 398, 422, 431, 471, 481, 503, 526, 567, 608, 632, 650, 660, 661, 720, 752, 760, 779, 844, 922, 932, 933, 938, 949, 971, 981, 990, 994, 1012, 1120, 1123, 1155, 1196, 1210, 1215, 1253, 1255, 1263, 1297, 1328, 1341, 1504, 1526, 1582, 1631]

Group 21 51[21, 152, 156, 204, 269, 280, 284, 299, 315, 323, 336, 365, 368, 375, 402, 413, 425, 456, 459, 631, 645, 653, 664, 671, 721, 859, 870, 952, 976, 1014, 1021, 1028, 1030, 1045, 1139, 1143, 1162, 1203, 1206, 1242, 1298, 1354, 1356, 1388, 1399, 1424, 1440, 1472, 1543, 1560, 1577]

Group 22 27[22, 39, 68, 216, 253, 272, 293, 410, 492, 560, 561, 574, 672, 685, 705, 818, 923, 948, 973, 1130, 1202, 1226, 1262, 1335, 1393, 1454, 1483]

Group 23 7[116, 344, 557, 890, 1022, 1058, 1247]

Group 24 111[23, 24, 71, 92, 102, 114, 126, 155, 188, 209, 211, 237, 241, 242, 244, 281, 286, 295, 319, 352, 369, 397, 411, 429, 455, 500, 522, 541, 570, 591, 595, 623, 656, 699, 700, 701, 706, 717, 725, 729, 730, 773, 775, 790, 793, 794, 800, 803, 822, 834, 861, 874, 896, 963, 967, 968, 969, 984, 997, 998, 1006, 1010, 1017, 1025, 1055, 1076, 1079, 1098, 1099, 1116, 1126, 1150, 1160, 1167, 1180, 1229, 1270, 1283, 1296, 1304, 1307, 1319, 1323, 1344, 1357, 1360, 1370, 1395, 1416, 1423, 1433, 1435, 1452, 1468, 1470, 1530, 1536, 1540, 1544, 1547, 1548, 1549, 1550, 1555, 1558, 1569, 1572, 1601, 1603, 1611, 1629]

Group 25 23[76, 91, 218, 343, 361, 435, 452, 491, 620, 651, 681, 686, 1013, 1084, 1204, 1224, 1280, 1400, 1430, 1448, 1461, 1476, 1495]

Group 26 12[198, 200, 275, 616, 689, 774, 1106, 1184, 1185, 1331, 1345, 1465]

Group 27 39[27, 88, 95, 132, 161, 238, 279, 356, 399, 442, 490, 640, 710, 716, 765, 815, 828, 839, 848, 852, 926, 930, 935, 946, 1029, 1083, 1111, 1153, 1179, 1213, 1241, 1322, 1394, 1459, 1512, 1542, 1576, 1585, 1620]

Group 28 12[28, 180, 203, 266, 635, 936, 1234, 1299, 1337, 1408, 1412, 1619]

Group 29 42[29, 30, 48, 73, 106, 123, 139, 146, 178, 230, 243, 273, 321, 329, 333, 458, 633, 655, 715, 738, 744, 792, 830, 843, 871, 929, 940, 1001, 1042, 1053, 1069, 1102, 1132, 1165, 1169, 1261, 1266, 1300, 1397, 1533, 1589, 1628]

Group 30 32[89, 121, 172, 176, 256, 265, 278, 287, 349, 359, 376, 394, 405, 488, 512, 516, 545, 596, 893, 955, 1016, 1091, 1124, 1157, 1183, 1195, 1260, 1311, 1321, 1451, 1463, 1527]

Group 31 15[58, 103, 113, 347, 534, 571, 675, 697, 814, 856, 937, 1000, 1166, 1240, 1521]

Group 32 55[32, 85, 124, 143, 191, 196, 215, 257, 264, 320, 346, 393, 418, 506, 513, 517, 525, 527, 538, 559, 605, 612, 707, 719, 742, 796, 807, 827, 832, 836, 837, 886, 895, 947, 966, 1140, 1176, 1228, 1232, 1259, 1320, 1327, 1332, 1333, 1348, 1363, 1369, 1372, 1438, 1445, 1498, 1515, 1537, 1568, 1615]

Group 33 26[25, 33, 136, 184, 229, 291, 307, 311, 322, 387, 434, 440, 637, 654, 711, 749, 853, 882, 906, 977, 1093, 1136, 1170, 1175, 1295, 1564]

Group 34 23[34, 51, 77, 140, 181, 222, 234, 245, 316, 451, 467, 521, 682, 737, 804, 865, 996, 1133, 1245, 1347, 1380, 1508, 1630]

Group 35 51[35, 42, 63, 65, 74, 75, 80, 84, 100, 186, 235, 246, 248, 351, 362, 363, 390, 392, 447, 478, 514, 600, 625, 816, 831, 860, 867, 889, 900, 925, 987, 1003, 1044, 1052, 1117, 1187, 1264, 1275, 1284, 1289, 1302, 1402, 1407, 1411, 1422, 1431, 1473, 1490, 1506, 1520, 1621]

Group 36 64[7, 36, 72, 138, 153, 175, 185, 208, 219, 282, 301, 325, 357, 370, 385, 396, 403, 457, 466, 496, 497, 578, 598, 626, 649, 704, 732, 754, 755, 759, 764, 771, 778, 810, 841, 897, 910, 913, 942, 982, 983, 1089, 1096, 1134, 1137, 1159, 1182, 1193, 1199, 1233, 1267, 1281, 1305, 1374, 1390, 1398, 1434, 1449, 1471, 1505, 1510, 1514, 1557, 1626]

Group 37 30[37, 125, 142, 171, 223, 302, 433, 462, 530, 659, 731, 743, 777, 811, 840, 855, 964, 972, 1007, 1008, 1048, 1142, 1246, 1301, 1342, 1477, 1507, 1561, 1609, 1618]

Group 38 3[240, 294, 1316]

Group 39 12[26, 62, 263, 555, 745, 845, 909, 912, 1088, 1148, 1313, 1551]

Group 40 3[40, 797, 1277]

Group 41 21[15, 41, 117, 233, 304, 507, 518, 553, 562, 565, 734, 747, 819, 1056, 1112, 1171, 1309, 1489, 1503, 1614, 1633]

Group 42 12[401, 415, 443, 597, 838, 945, 1011, 1037, 1066, 1104, 1346, 1421]

Group 43 18[43, 296, 318, 360, 371, 544, 776, 786, 850, 916, 1190, 1243, 1325, 1339, 1362, 1456, 1474, 1606]

Group 44 68[1, 31, 44, 59, 137, 149, 207, 274, 297, 298, 388, 389, 412, 441, 450, 482, 495, 531, 532, 554, 573, 588, 639, 657, 670, 684, 724, 762, 783, 791, 798, 825, 863, 864, 892, 894, 928, 965, 970, 979, 992, 1009, 1015, 1063, 1085, 1103, 1109, 1110, 1129, 1154, 1205, 1217, 1227, 1249, 1272, 1317, 1318, 1350, 1415, 1432, 1436, 1444, 1491, 1493, 1524, 1573, 1588, 1604]

Group 45 10[45, 430, 614, 624, 1034, 1041, 1288, 1290, 1554, 1581]

Group 46 40[46, 56, 145, 151, 308, 373, 446, 563, 584, 587, 610, 646, 667, 714, 723, 789, 799, 824, 851, 873, 903, 921, 943, 1032, 1033, 1068, 1072, 1163, 1238, 1287, 1308, 1330, 1378, 1379, 1437, 1455, 1480, 1499, 1578, 1587]

Group 47 11[47, 107, 166, 409, 426, 504, 805, 1020, 1127, 1147, 1482]

Group 48 29[160, 210, 232, 303, 499, 543, 677, 735, 785, 787, 802, 813, 883, 914, 1038, 1050, 1051, 1174, 1197, 1312, 1355, 1358, 1405, 1467, 1485, 1553, 1567, 1570, 1602]

Group 49 45[6, 49, 94, 127, 133, 201, 206, 213, 227, 236, 338, 340, 358, 372, 428, 438, 460, 475, 528, 551, 581, 611, 648, 662, 709, 726, 902, 978, 1024, 1060, 1074, 1086, 1100, 1105, 1181, 1211, 1218, 1223, 1257, 1292, 1446, 1529, 1538, 1565, 1610]

