[141 690 204 690 203]15
===========================
[690 56 690 533 690 534 55 690]6
===========================
[273 669 270 805 349]8
===========================
[192 45 800 29 111]13
===========================
[304 313 800 859 210 11]7
===========================
[192 690 539 690 554 690 141 690 204 690 203 827 800 24 563 12 196 207 145 45 29]10
===========================
[117 761 835 818 854 152 253 140 253]12
===========================
[196 436 207 111 813]7
===========================
[486 117 486 117 486]165
===========================
[562 155 46 154 562]7
===========================
[800 524 805 263 253 375 305 140]9
===========================
[697 428 117 482 428]10
===========================
[67 728 682 117 448 81 6 67 725 700 697]7
===========================
[699 826 849 807 402]7
===========================
[140 312 315 212 315 313 800 301 853 858 859 316 393 214 224 210]34
===========================
[754 465 467 469 477 499 194 21]6
===========================
[379 305 142 305 243]18
===========================
[312 315 212 315 212 315 212 315]71
===========================
[111 274 222 214 224]7
===========================
[247 270 395 269 329 6]13
===========================
[304 312 313 800 822 301 853 339 858 859 210]6
===========================
[303 253 140 313 312]6
===========================
[563 196 59 29 111 206]12
===========================
[563 809 816 45 29]6
===========================
[140 375 304 312 313 800 822 301 853 339 11 858 859 295 316 393]11
===========================
[700 697 67 164 69 21]7
===========================
[745 820 828 689 34]518
===========================
[563 12 196 207 145 45 800 29 111 684 29 111 694 29 111 68 263]6
===========================
[312 315 212 315 313 800 301 853]14
===========================
[305 273 305 273 669 270 805]6
===========================
[81 117 448 116 511]13
===========================
[435 184 690 191 174 589]14
===========================
[29 111 441 189 684 111 173 274 524]20
===========================
[533 690 58 690 534 690 55 690 188]12
===========================
[82 107 82 107 82]94
===========================
[257 348 309 386 227]6
===========================
[196 563 800 819 563 809 816 45 29 813 111 813 206]18
===========================
[729 26 699 814 826 153 534]6
===========================
[22 29 111 218 563 819]13
===========================
[305 422 305 422 305]6
===========================
[425 6 116 448 158]11
===========================
[339 858 859 295 316 393 214 224 210 229 314]22
===========================
[269 329 343 278 780]7
===========================
[725 700 697 67 164 34]9
===========================
[220 563 29 111 206 29]7
===========================
[695 177 179 402 532 558]7
===========================
[333 7 254 279 293 254]7
===========================
[254 268 254 268 254 268 254 268 254 268 254 268 254 268 254 268 254 268 254 268 254 268 254 268 254 268 254 268 254 268]9001
===========================
[6 254 7 6 563 196]8
===========================
[262 669 307 317 303 253 226 140 312]7
===========================
[285 152 285 152 268 254]8
===========================
[177 133 690 192 45 800 29 111]15
===========================
[695 558 177 179 402]9
===========================
[690 563 12 196 207 145 45 800 29 111]6
===========================
[64 264 265 735 317 303 317 303]7
===========================
[695 532 123 572 27]7
===========================
[690 539 690 554 690 141 690 204 690 203 827 800 24 563 12 196 207 145 45]313
===========================
[286 330 230 215 325 687 688]8
===========================
[375 304 312 313 800 822 301 853 339 11 858 859 295]14
===========================
[410 314 310 229 273 655]7
===========================
[29 111 813 206 29 111 441 189 684 111 173]22
===========================
[65 123 572 27 540]10
===========================
[107 82 309 386 373 221 242]6
===========================
[402 256 692 733 699 168 165 169 170]7
===========================
[284 17 263 51 264 265 51 754 465 458 457 17 290 325]6
===========================
[698 440 564 741 205 733 699 826 849 807 402]40
===========================
[192 45 524 805 263]8
===========================
[212 315 313 800 301 853 858 859 316 393 214 224 210]11
===========================
[669 805 349 281 247]6
===========================
[272 406 385 140 675]12
===========================
[254 279 293 271 337]63
===========================
[859 210 11 669 305 273]7
===========================
[384 245 213 858 859 240 295]404
===========================
[448 158 6 728 682 67 6]8
===========================
[153 167 166 690 737 133 690 202 690 134 690 56 690 533 690 534 690 55 690 188]13
===========================
[184 690 174 690 53 690 176 690 33 690 589]12
===========================
[247 6 563 206 652]11
===========================
[218 819 563 196 563]9
===========================
[212 384 245 213 858 859]7
===========================
[160 442 729 26 178 677 402]81
===========================
[572 540 65 27 695]9
===========================
[427 426 427 426 427 426 427 426 427 275 254 279 293 254 284]6
===========================
[111 29 111 206 652 6]8
===========================
[29 29 805 171 263]19
===========================
[254 279 293 6 254]20
===========================
[254 279 293 254 425]128
===========================
[684 263 253 375 305 140]8
===========================
[111 694 29 111 68 152 140 312 315 214 310 171 226 140 253]13
===========================
[693 29 111 128 218 563]7
===========================
[22 29 111 693 29 111 128 563 690 173]157
===========================
[690 184 174 690 53]6
===========================
[212 315 212 313 210]8
===========================
[229 314 310 226 140 253]11
===========================
[725 700 697 67 164]13
===========================
[690 690 134 56 690]7
===========================
[800 29 111 853 339 11]14
===========================
[279 293 254 279 293 254 275 254 284]6
===========================
[171 226 140 253 140 212 315 304 313 800 822 301 853]27
===========================
[813 29 111 206 29]17
===========================
[412 690 8 299 300 305 374 228]6
===========================
[264 263 317 303 288 171 253]14
===========================
[745 825 34 65 123 572 540 27]8
===========================
[327 270 395 269 329]38
===========================
[810 342 308 137 262 23]20
===========================
[563 196 563 270 395 269]6
===========================
[270 394 269 333 323 563]19
===========================
[691 563 816 163 200]8
===========================
[765 834 818 856 152 747]7
===========================
[532 177 179 160 442 729]6
===========================
[203 690 793 827 159 29 111 206 563 60]6
===========================
[270 395 269 329 247 6]10
===========================
[800 822 301 853 339 858 859]24
===========================
[254 279 293 254 394 269 333]15
===========================
[314 310 229 273 669]88
===========================
[305 254 279 140 305 675 254 279 385 140 305 254 279 140 305 675 254 279]17
===========================
[305 853 239 212 237]9
===========================
[690 534 690 55 188 690]7
===========================
[179 160 442 729 26 699 814 826 153 534 690 55 690 188]6
===========================
[690 55 690 188 690 182 690 197 435 191 184 690 174 690 53 690 176 690 33 690 589 690 192 690 539 690 554 690 141 690]117
===========================
[305 805 349 281 247]11
===========================
[272 305 253 406 262]6
===========================
[386 373 221 242 382]11
===========================
[532 558 402 43 153 167]9
===========================
[45 29 813 111 206]127
===========================
[690 174 690 53 690 176 690 33]9
===========================
[243 379 142 305 243]6
===========================
[563 218 819 563 196 563]6
===========================
[256 692 733 699 168 165 169]18
===========================
[254 279 293 254 424 425 424 425]7
===========================
[140 305 675 254 279]13
===========================
[279 347 337 347 253 337 305]7
===========================
[309 810 342 308 137 262]11
===========================
[254 279 140 305 675 254 279]30
===========================
[160 442 729 26 699 814 826 153 534 690 55 690]8
===========================
[17 263 51 264 265 51 754 465 458 457]6
===========================
[329 325 270 395 269 329 325 270 395 269 329 325 270 395 269 329]12
===========================
[425 424 425 7 116]8
===========================
[448 158 67 728 682 117 448 81 6]7
===========================
[804 309 386 221 217 235 816]10
===========================
[254 268 140 305 675]6
===========================
[272 406 143 305 361]6
===========================
[67 563 196 59 207 145 809]15
===========================
[224 210 229 314 310 273 669]109
===========================
[761 834 818 307 11]8
===========================
[43 153 167 166 168 165 169 808 157 531 276 690 537 690 35 690 538 690 739 738 133 690 202 690 56 690 533 690 534 690]17
===========================
[111 22 29 111 218 563 853 239 212 295 220]59
===========================
[690 737 133 690 202 690 134 690 56 690 533]14
===========================
[67 728 682 117 448 116 511 158]8
===========================
[273 669 305 349 247]8
===========================
[254 279 293 7 254]9
===========================
[55 690 188 690 182 690 197]6
===========================
[140 305 312 315 212 315 212 315 212 315 305 313]6
===========================
[152 0 117 761 837 818 854 152 253]21
===========================
[29 111 693 29 111 128 563]1327
===========================
[159 563 60 350 652]6
===========================
[563 196 59 206 563]12
===========================
[800 813 111 206 29 563 60 690 173 524 805 263]10
===========================
[163 200 745 825 34]22
===========================
[813 206 29 111 441 189 684 29 111 694 29 111 68 29 111 22 563 350 652]16
===========================
[111 684 29 111 694 29 111 68 263 735 171]8
===========================
[140 312 315 357 212]9
===========================
[390 379 142 305 243 379]9
===========================
[111 206 29 111 441 813]10
===========================
[329 330 325 270 395 269 329]12
===========================
[813 111 206 29 111]14
===========================
[448 81 117 448 116 511]15
===========================
[178 677 402 256 432 530 526 698 440 564 741 205 733 699]287
===========================
[859 295 316 393 214]9
===========================
[448 158 67 728 682]33
===========================
[22 29 111 547 693]11
===========================
[257 258 210 348 309 386 227 816 342 308 137 262 669 307 317 303 253 226 140 312 315 212 315 313 800 301 853 858 859 316]9
===========================
[207 145 45 813 29 813 111 206 563]6
===========================
[263 253 140 312 315]12
===========================
[563 196 206 212 295 220]8
===========================
[116 448 158 728 682]6
===========================
[263 735 64 317 152 761 834 818 856 152]164
===========================
[30 821 548 759 30 821]46
===========================
[317 303 171 253 140 312]29
===========================
[229 11 310 273 669]24
===========================
[140 305 675 254 279 305]9
===========================
[308 342 137 262 669 307]9
===========================
[690 182 690 191 197 435 690 184]6
===========================
[823 810 823 810 823 810]58
===========================
[789 148 789 154 562]12
===========================
[247 690 13 349 234]6
===========================
[813 206 29 111 441 189 684]352
===========================
[690 192 690 539 690 554 690 141 690 204 690 203 827 800 24 563 12 196 207 145 45 29]115
===========================
[254 279 293 254 284 563 196]14
===========================
[177 179 160 169 170]10
===========================
[669 273 669 805 349 247]6
===========================
[563 816 547 218 563]8
===========================
[309 386 227 816 308 342]6
===========================
[111 22 29 111 693 29 111 128 563 690 173 524 805]39
===========================
[425 116 448 158 323]11
===========================
[690 554 690 141 690 204 690 203 827 800 24 563 12 196 207 145 45]21
===========================
[800 822 301 306 314 296 297 257 348 309 386]6
===========================
[728 682 67 81 117 448]6
===========================
[800 813 206 29 111]13
===========================
[682 81 117 448 117 448 116]13
===========================
[309 386 340 227 308 310 307]15
===========================
[563 29 220 816 45 29 111]7
===========================
[436 207 145 45 29 111 813 206 29 111 441 189 684 29 111 694 29 111 68 29 111 22 563]428
===========================
[856 152 757 390 320 136]9
===========================
[853 339 11 314 11 310 11 273 669 305]6
===========================
[819 400 321 563 809 816 45 29]9
===========================
[410 229 314 310 273 669]71
===========================
[425 116 448 158 6 67 725]7
===========================
[589 141 690 204 690 203]12
===========================
[315 212 313 822 301 393 214 222]6
===========================
[690 56 533 690 534]8
===========================
[167 166 690 737 133 690 202 690 134 690 56 690 533 690 534 690 55]10
===========================
[315 212 315 212 315 212 315 212]303
===========================
[532 558 177 179 160]41
===========================
[32 402 169 25 198]15
===========================
[313 822 301 393 214 222]48
===========================
[177 179 160 690 589 690 192 45 800 29 111]6
===========================
[316 393 214 224 210]27
===========================
[210 410 229 314 310 273]31
===========================
[218 305 853 239 237]7
===========================
[29 220 563 29 220]27
===========================
[220 563 196 563 816]7
===========================
[29 111 68 152 140 312 315]7
===========================
[254 284 140 315 675]9
===========================
[278 780 236 278 780]7
===========================
[424 425 424 425 424 425]3131
===========================
[837 818 854 152 117]6
===========================
[524 805 263 226 140]9
===========================
[273 669 805 775 254 279]8
===========================
[853 339 858 859 295 316 393 214 224 210 229 314 310]12
===========================
[745 825 34 540 65]20
===========================
[375 304 312 315 212 315 212 315 212]103
===========================
[563 196 436 207 145 45 29 111 206 29]92
===========================
[448 117 448 116 511 158 6]23
===========================
[379 142 305 749 746]29
===========================
[452 117 452 117 452 117 452 117 452 117 452 117 452 117 452 117 452 117 452 117 452 117 452 117 452 117 452 117 452 117]461
===========================
[310 229 226 140 312]6
===========================
[725 700 697 164 69 21 69 21 69 21 69 21 69 21 69 21 200 745]10
===========================
[166 168 165 169 739 690 738 133]6
===========================
[558 532 256 432 530 526 698 440 699 814 826 849 806 807]6
===========================
[282 272 406 674 385]9
===========================
[167 690 56 690 533 690 534]82
===========================
[441 189 684 29 111 694 29 111 68 29 111 22 29 111 693 29 111 128 563 690 173 524 805 263 51 64 264 317 303 253]35
===========================
[859 210 11 229 669]13
===========================
[562 155 154 562 155]19
===========================
[313 822 301 393 214 669]22
===========================
[253 140 312 315 212]28
===========================
[69 21 69 21 69 21 69 21]111
===========================
[48 530 526 698 440 564 741 205 732 699 807 66 439]8
===========================
[342 308 137 262 23]20
===========================
[196 563 800 819 563 809 816 206 29 111]7
===========================
[429 395 269 355 780]11
===========================
[563 305 563 196 563 305]12
===========================
[305 273 305 273 270 669 805 349]11
===========================
[698 440 699 814 826 849 806 807 402 43 153]10
===========================
[45 800 29 111 684 140 375 304 312 313 800 822 301 853 339 11 858 859 295]7
===========================
[688 137 262 23 686 825]7
===========================
[0 11 137 262 484]7
===========================
[312 313 800 822 301 853 339 11 858 859]10
===========================
[690 192 690 539 690 554]12
===========================
[26 178 677 402 256 432 530 526 698 440 564 741 205 733 699 826 849]57
===========================
[759 821 821 759 821 821]24
===========================
[819 563 196 563 800 819 563 809 816 45 29 813 111 813 206]19
===========================
[29 111 694 29 111 68 29 111]157
===========================
[558 177 179 160 442 729 849 806 807]19
===========================
[254 279 6 254 279]6
===========================
[534 690 204 690 203 690 793 827 159 29]6
===========================
[295 316 393 214 669]7
===========================
[765 836 818 854 152]6
===========================
[263 735 64 264 265 735 317 303 317 303 253 305]9
===========================
[55 690 188 182 690]7
===========================
[196 59 207 111 22 29 563]7
===========================
[853 339 858 859 295]23
===========================
[307 669 10 653 349]7
===========================
[154 562 150 148 150 154 562]7
===========================
[214 375 304 312 313 800 822]9
===========================
[813 206 29 111 441 111]7
===========================
[160 442 685 729 26 178 677 402]12
===========================
[315 212 315 212 315]23
===========================
[432 530 526 698 440 699 814 826 849 806 807 402 43 153]29
===========================
[273 305 273 669 270 805 349]9
===========================
[690 184 174 589 111 684]7
===========================
[376 377 262 361 380 143]9
===========================
[227 308 310 307 137 262 105 755 754 465]13
===========================
[270 395 269 396 329]6
===========================
[532 807 402 43 153]8
===========================
[56 690 182 589 690 192 45]9
===========================
[822 301 393 140 312 212]9
===========================
[167 166 168 165 169]12
===========================
[563 196 563 800 819 563 563]14
===========================
[448 158 6 67 728 682 81 117 448 116 511 158 117 448 6]6
===========================
[424 425 247 424 425]9
===========================
[273 655 805 775 247]7
===========================
[810 308 342 137 262 669 307]16
===========================
[23 691 816 560 816]9
===========================
[0 117 761 837 818 854 152]14
===========================
[179 178 677 532 402]7
===========================
[532 177 179 178 677 695]7
===========================
[200 745 572 532 27]6
===========================
[317 303 761 834 818 856 152 253]15
===========================
[29 111 441 189 684 29 111 694 29 111 68 29 111 22 563 350 652]65
===========================
[690 202 690 56 690 533 690 534 690 55 690 188 690 182 690 197 435 191 184 690 174 690 53 690 176 33 690 589 690 192]6
===========================
[133 690 192 45 800 29 111]21
===========================
[432 530 807 737 133 690]6
===========================
[212 295 220 563 196 563 816]6
===========================
[834 818 856 152 253]45
===========================
[171 281 209 247 6]7
===========================
[82 749 746 747 78 82 749 746 747 78 82 749 746 747 78 82 749 746 747 78 82 749 746 747 78 82 749 746 747 78]869
===========================
[797 799 797 799 797 799 797 799 797 799 797 799 797 799 797 799 797 799 797 799 797 799 797 799 797 799 797 799 797 799]89
===========================
[350 652 425 261 292 254]8
===========================
[247 6 171 7 6]14
===========================
[853 239 212 295 220]31
===========================
[188 690 182 690 197 435 191 184 690 174 690 53 690 176]6
===========================
[226 140 253 140 375]14
===========================
[305 273 305 273 669 805 775 254 279 293 254]7
===========================
[247 394 269 333 6]21
===========================
[29 111 22 29 563]123
===========================
[177 179 160 442 729]30
===========================
[146 811 196 207 62 771 235 308]8
===========================
[809 816 22 563 819 270 394 269 333 323 563 196 563 800 819 400 321]7
===========================
[690 134 690 56 690 533 690 534 690 55]6
===========================
[43 169 533 690 58]6
===========================
[45 29 111 813 206 29 111 441 189 684 29 111 694 29 111 68 29 111 22]149
===========================
[273 305 273 669 805]129
===========================
[21 69 21 69 21 69 21 69 21 69 21 200 745 825]7
===========================
[690 55 690 197 435]10
===========================
[805 263 51 64 264 317 303 253 140 312 315 212 315 212 315 212 315]8
===========================
[826 849 806 807 402 43 153 167 166 168]25
===========================
[221 242 382 810 62 771 235]7
===========================
[167 166 168 165 169 739 690 738 133 690]7
===========================
[765 834 818 856 152 765 834 818 856 152 757 390 320 136]7
===========================
[813 800 813 206 29 111]73
===========================
[816 22 563 218 819]6
===========================
[684 29 111 694 29 111 68 152 140 312 315 214 310 171 226 140 253 140 212 315 304 313 800 822 301 853]34
===========================
[210 229 314 310 273 669 805]7
===========================
[254 426 427 426 427]27
===========================
[859 210 314 669 305 805 349]6
===========================
[177 179 402 532 256 432]7
===========================
[858 859 295 316 393 214 224 210 229 314]79
===========================
[21 69 21 69 21]7
===========================
[558 177 179 807 402 690 534]9
===========================
[753 287 760 10 305 272]7
===========================
[563 60 270 395 269 329 200 689]7
===========================
[196 436 207 145 45 29]8
===========================
[424 425 116 448 158 728]6
===========================
[229 314 11 310 273 669 305 273 305 273]13
===========================
[834 818 856 152 765 834 818 856 152]31
===========================
[853 339 858 859 210]7
===========================
[29 563 218 819 563 196 563]7
===========================
[816 45 29 111 206 212 295 220 343 327]7
===========================
[293 254 247 7 4]12
===========================
[343 327 343 329 422]6
===========================
[540 532 558 177 179]7
===========================
[69 21 69 21 69 21 69 21 69 21 69 21 200 745 825 34]30
===========================
[309 386 221 217 235 816 342 308]8
===========================
[317 303 317 303 317 303]20
===========================
[315 313 800 301 853]13
===========================
[700 697 164 69 21 69 21 69 21 69 21 69 21 69 21]15
===========================
[305 822 301 393 214 224 210 669 305]9
===========================
[254 7 425 116 448 158]11
===========================
[313 800 301 853 339 858 859]12
===========================
[343 327 563 809 816 206]9
===========================
[342 308 137 262 669 307 317 303 253 226 140 312]11
===========================
[315 214 229 853 339 11 858 859]9
===========================
[192 690 539 690 554 690 141]6
===========================
[534 690 55 690 188 690 182]13
===========================
[563 800 819 400 321 563 809 816 45 29]41
===========================
[11 310 273 669 305 273 305 273]35
===========================
[196 59 29 111 206 29 563]11
===========================
[196 436 207 145 45 29 111 206]39
===========================
[45 29 111 206 29 111 22]6
===========================
[305 385 140 305 140 305]9
===========================
[563 196 563 800 819 563 809 816 45 29 813 111 813 206 212 295 220]7
===========================
[822 301 853 339 11 314 11 310 11 273 669 305]8
===========================
[67 725 700 697 164 69 21 69 21 69 21 69 21 69 21 69 21 200 745 825 34]11
===========================
[203 827 800 24 563 12 196 207 145 45 29]12
===========================
[116 448 158 67 728 682 117 448 116 511 158]15
===========================
[530 807 737 111 684]11
===========================
[477 499 194 21 477]55
===========================
[340 227 308 310 307 137 262 105 755 754 465 467 469 477 499 194 21]8
===========================
[111 813 800 813 206 29 111]46
===========================
[262 137 804 686 23 669 307]6
===========================
[200 745 825 34 65 540]42
===========================
[813 800 524 805 263 735 64 264 265]8
===========================
[32 402 256 692 733 699 826 849 807 402]14
===========================
[690 202 690 134 690 56 690 533 690 534 690 55 690 188]14
===========================
[200 745 825 34 27]19
===========================
[796 795 438 680 681]17
===========================
[204 147 159 800 45 800]6
===========================
[440 564 741 205 733 699 826 849]21
===========================
[312 315 212 315 212]23
===========================
[422 292 284 422 254 279 293 385]8
===========================
[254 268 254 268 254]190
===========================
[206 29 111 441 189 684 29 111 694 29 111 68 29 111 22 563 350 652 563 196 436 207 145 45 29]24
===========================
[196 207 63 146 811 62]38
===========================
[206 563 60 147 690 173 524]7
===========================
[304 312 313 800 822 301 853 339 11 858 859]40
===========================
[819 400 816 45 29 111 206]10
===========================
[800 819 400 321 563 809 816]8
===========================
[432 530 526 698 440]13
===========================
[284 422 347 337 422 385]6
===========================
[214 224 210 669 804]10
===========================
[253 107 309 386 340 227 308 310 307 262 105 137]11
===========================
[858 859 240 295 220]6
===========================
[22 29 111 218 563]14
===========================
[140 853 339 858 859 295 316 393 214 224 210 229 314 310]6
===========================
[29 111 694 29 303]7
===========================
[530 526 698 440 699 814 826 849 806 807 402]48
===========================
[690 55 690 188 690 182 690 197 435 191 184 690 174 690 53 690 176]36
===========================
[171 7 6 270 395 269]6
===========================
[761 834 818 856 152]59
===========================
[207 145 45 29 111 206 29]11
===========================
[6 254 279 293 254 284 6]7
===========================
[53 690 176 690 33 690 589 141 690 204]9
===========================
[34 65 540 123 572]8
===========================
[312 315 214 229 853 339 11 858 859 295]7
===========================
[465 458 498 804 317]12
===========================
[177 179 178 677 27 558]6
===========================
[21 200 745 825 34 65 540]18
===========================
[177 179 160 442 729 849 806 807]28
===========================
[669 669 270 805 349 343]9
===========================
[116 511 158 67 725 700 697 164 69 21 69 21 69 21 69 21 69 21 69 21]7
===========================
[315 214 310 273 655 273 655]7
===========================
[59 207 145 809 45 29 813 111 813 206]18
===========================
[690 203 690 793 827 159]14
===========================
[690 56 690 533 690 534 690 55 690 188 690 182 690 197 191]13
===========================
[315 800 301 306 314 296 297 257]19
===========================
[234 209 281 117 483 117 483 425 254 279 293]8
===========================
[29 111 206 29 220]17
===========================
[737 133 690 202 690]35
===========================
[563 12 196 207 813]7
===========================
[530 526 698 440 567 741 205 692]116
===========================
[200 745 825 34 540 65 123 572]35
===========================
[728 682 117 448 81 117 448 116 511]6
===========================
[373 221 242 382 810 62 771 235 308]10
===========================
[273 305 273 669 805 349 171 247 6]6
===========================
[111 206 29 111 22 29 563 690 173 524]24
===========================
[111 694 29 111 68]9
===========================
[558 402 43 153 167]19
===========================
[693 29 111 128 563]578
===========================
[532 177 179 160 442]22
===========================
[690 55 690 188 182 690 197 435]6
===========================
[196 563 800 819 343 327]12
===========================
[690 533 690 534 690 55 690 188 690 182 690]12
===========================
[675 305 422 305 422 305 292 305 284]6
===========================
[524 805 263 51 64 264 317 303 253 140 312 315 212 315 212 315 212 315 212 315 212 315 212 313 822 301 393 214 222]20
===========================
[560 563 196 59 206 563]6
===========================
[827 800 24 563 12 196 207 145 45 29]23
===========================
[273 305 273 305 273 669]8
===========================
[534 176 690 33 690 589 690 192]11
===========================
[256 530 526 698 440 567 741 205 692 731 699 826 849 807 402]10
===========================
[563 196 436 813 563 800 819 563 809 816]52
===========================
[319 379 142 749 746]8
===========================
[247 563 196 436 207 145 45]22
===========================
[254 254 279 753 254 254 279]6
===========================
[253 140 312 315 210]7
===========================
[254 279 293 254 284]285
===========================
[539 690 554 690 141 690 204]20
===========================
[682 6 117 448 81]8
===========================
[6 247 563 196 436 207 145 45 29 111]8
===========================
[45 800 29 111 853 339 11 858 859]10
===========================
[304 313 315 800 822]6
===========================
[29 111 813 206 29 111 441 189 684 29 111 694 29 111 68 29 111 22 563]27
===========================
[254 279 293 254 247]56
===========================
[212 313 822 301 393 214 222]12
===========================
[182 589 690 192 45 800]11
===========================
[809 816 206 29 563]30
===========================
[765 834 818 856 152]22
===========================
[13 234 281 209 247]9
===========================
[179 178 677 558 402]7
===========================
[540 27 123 572 65]7
===========================
[424 425 6 424 425]57
===========================
[432 530 526 698 849 806 807 402 43 153 167 166]13
===========================
[690 188 690 182 690]6
===========================
[111 684 263 214 140]26
===========================
[425 268 254 425 268]2865
===========================
[254 279 385 140 305]12
===========================
[540 695 123 572 27]9
===========================
[204 690 203 690 793 827 159 29 111 206 563 60 147 690 173 524]10
===========================
[29 111 218 563 853 239 212]12
===========================
[111 22 29 111 547 693 218 29 111 128 563 218 819]6
===========================
[448 116 511 158 67 725 700 697 164 69 21 69 21 69 21 69 21 69 21 69 21 200 745]6
===========================
[262 804 686 23 669 307]25
===========================
[532 256 432 530 526 698 440 699 814 826 849 806 807 402 43 153 167]8
===========================
[686 23 691 816 163]20
===========================
[22 29 111 547 218 563 853 239 212]40
===========================
[55 690 188 690 191 182 690 589]28
===========================
[669 270 805 349 6 323]9
===========================
[200 745 825 745 820 828 402 689 34]16
===========================
[214 310 171 226 140 253 140 212 315 304 313 800 822 301 853]20
===========================
[292 254 279 254 279]11
===========================
[561 196 207 63 146 811]19
===========================
[563 196 59 207 145]13
===========================
[821 759 30 821 759 30 821 759]7
===========================
[375 304 312 313 800 822]12
===========================
[425 116 448 158 6]14
===========================
[402 256 692 733 699 826 849 807]6
===========================
[166 168 165 169 739 737]12
===========================
[117 482 327 428 428]6
===========================
[43 153 167 166 690]40
===========================
[29 111 684 140 375 304 312 313 800 822 301 853 339 11]12
===========================
[279 324 254 279 324 254 279 324 254 279 324]6
===========================
[800 819 563 809 816 45 29]177
===========================
[425 116 448 6 67 725]10
===========================
[29 111 813 800 813 206 29 111 253 140 312]19
===========================
[55 690 188 182 690 563 12 196 207 145 45 800 29 111 684 29 111]6
===========================
[64 264 317 303 253 171]6
===========================
[176 690 33 690 589 690 192]10
===========================
[177 179 160 442 402]67
===========================
[524 805 263 735 64 317 303]8
===========================
[263 710 64 264 263 312 822 301 393 214 434]6
===========================
[6 159 29 563 60]19
===========================
[793 29 111 173 147 524]18
===========================
[402 256 153 534 690]6
===========================
[347 305 152 106 337 140 305 675]6
===========================
[710 64 264 263 317]6
===========================
[82 152 107 82 152 107 82]29
===========================
[323 563 196 563 800 819 400 321]26
===========================
[442 729 26 699 167 690]12
===========================
[315 313 669 273 669]10
===========================
[435 184 690 174 690 53 690 176 690 33 690 589]17
===========================
[323 254 279 293 254]7
===========================
[780 236 327 403 398]20
===========================
[65 27 540 123 572]7
===========================
[312 315 212 315 212 315 212 315 313 822]20
===========================
[315 214 224 210 314 310 229 140]19
===========================
[534 159 800 24 147]12
===========================
[586 578 586 578 14]7
===========================
[818 856 152 761 834 818 856 152]92
===========================
[243 752 11 390 379]7
===========================
[158 67 725 700 697]47
===========================
[558 177 179 807 402 690]27
===========================
[254 279 293 254 6]11
===========================
[376 377 262 143 361]6
===========================
[254 279 293 254 268]30
===========================
[7 6 343 327 800 816]6
===========================
[6 725 700 697 67 164 69 21]7
===========================
[59 207 145 45 29 111 206 29 111 441 813 189 22 29 111 547 693 29 111 128 563]9
===========================
[690 192 45 800 29 111 684 29 253 304 140 375]7
===========================
[761 253 107 309 386 340 227]10
===========================
[524 805 263 51 64 264 265]7
===========================
[22 29 111 547 218]11
===========================
[825 34 65 123 572 540]16
===========================
[800 111 441 189 684]7
===========================
[281 247 6 7 6]10
===========================
[690 188 182 690 563 12 196 207 145 45 800 29 111 684]10
===========================
[26 699 814 826 849 806]12
===========================
[534 690 55 690 188 191 690 184 174]6
===========================
[262 344 408 381 332]7
===========================
[563 196 436 207 111]7
===========================
[825 34 65 123 572]10
===========================
[564 741 205 733 699]166
===========================
[808 157 740 739 690]75
===========================
[816 560 800 819 804 317 303 253 140 312 212 315 222 214 224 210 669 804 292 254 279 293 254 279 293 254]6
===========================
[111 441 189 684 29 111 694 29 111 68 29 111 22 563]619
===========================
[29 111 206 29 111 441 813 189 22 29 111]7
===========================
[268 254 285 152 268 254]7
===========================
[230 215 325 687 688 691]6
===========================
[725 700 697 67 164 69 21 745]7
===========================
[111 22 29 111 547 218 563]197
===========================
[759 30 821 759 30 821 759 30 821]11
===========================
[540 123 572 532 695]7
===========================
[710 64 264 263 312 822]19
===========================
[385 140 675 254 279 385]16
===========================
[256 692 733 699 826 849 807 402 43 169]6
===========================
[819 137 262 669 307 804]12
===========================
[349 247 690 13 234]24
===========================
[242 382 62 816 771 235]6
===========================
[561 196 207 63 146 811 62]31
===========================
[700 697 67 455 164]16
===========================
[308 342 137 262 23 686 23 691 816 163]6
===========================
[142 243 379 142 304]10
===========================
[43 153 167 166 534 176 690 33]6
===========================
[700 697 455 67 164]19
===========================
[810 342 307 309 386 810]7
===========================
[116 448 158 6 67]25
===========================
[690 173 524 805 263 51 64 264 317 303 253]13
===========================
[563 196 436 207 145 45 29 813 206 29 111 441]8
===========================
[171 6 254 279 293 254 284 6]8
===========================
[309 386 221 217 235 823 810 823 810 823 810]64
===========================
[416 780 236 327 403 398]7
===========================
[256 153 534 690 55]7
===========================
[254 279 347 337 347 253 337]8
===========================
[63 146 811 196 207 62]22
===========================
[714 529 721 723 722 830 717 830 831 715 831 126 734 714 529 721 723 722 830 717 830 831 715 831 126 734 714 529 721 723]96
===========================
[819 270 323 394 269 333]6
===========================
[196 207 218 152 853 239]6
===========================
[164 200 745 825 34]19
===========================
[810 342 307 309 810]8
===========================
[558 532 177 179 160 442]7
===========================
[442 729 26 699 814 826 849 806 807 737 133]8
===========================
[317 303 317 303 253]6
===========================
[425 261 292 254 279]8
===========================
[854 152 117 486 761]7
===========================
[4 247 6 247 563 196 436 207 145 45 29 111 206]7
===========================
[808 157 531 276 690 537 690 35 690 538 690 739]640
===========================
[458 472 477 499 194 21 477 498 805]7
===========================
[800 819 400 816 45 29 111 206 29]8
===========================
[29 220 563 29 111]16
===========================
[745 820 828 679 689 34]6
===========================
[816 45 29 111 206]8
===========================
[59 29 111 206 29]23
===========================
[229 314 310 273 669 525 805]10
===========================
[321 343 327 563 809 816]34
===========================
[111 22 29 128 218 563]14
===========================
[202 690 56 690 533 690 534 690 55 690 188 690 182 690 197 435 191 184 690 174 690 53 690 176 690 33 690 589 690 192]149
===========================
[554 690 141 690 204 690 203 827 800 24 563 12 196 207 145 45]9
===========================
[279 293 254 424 425]42
===========================
[563 12 196 207 145 45 29 813 111 800 813 206 29 111 441 189 684 29 111 694 29 111 68 29 111 22 29 111 693 29]6
===========================
[325 270 395 269 329]9
===========================
[263 822 310 273 655 805 349]13
===========================
[558 177 179 402 27]7
===========================
[34 65 123 572 27 540 695]8
===========================
[184 690 174 53 589 690 192]6
===========================
[669 270 805 349 343]13
===========================
[295 220 270 394 269 333]12
===========================
[687 688 691 193 804]10
===========================
[800 24 147 563 12 196 207 145 45 29]12
===========================
[204 690 203 827 800 24 563 12 196 207 145 45 29]9
===========================
[324 851 324 851 324 851 324]6
===========================
[29 563 196 436 207]23
===========================
[166 690 737 133 690 202 690]160
===========================
[68 29 111 22 29 111 693 29 111 128 563 690 173 524 805 263 51 64 264]13
===========================
[158 6 67 728 682 81 117 448 116 511 158 117 448]8
===========================
[254 279 293 234 281 209]6
===========================
[111 441 189 684 111 173 274 524]60
===========================
[254 254 279 753 254 254 279 753 254 254 279 753 254 254 279 753 254 254 279 753 254 254 279 753 254 254 279 753 254 254]24
===========================
[224 210 229 314 310]366
===========================
[425 116 448 158 728 682]6
===========================
[728 682 81 117 448 117 448 116 511]20
===========================
[123 572 558 177 179]12
===========================
[563 809 816 206 29 563 218 819]14
===========================
[196 436 207 145 45 29 111 813 206 29 111 441 189 684 29 111 694 29 111 68 29 111 22 563 350 652]29
===========================
[177 133 690 192 45 800 29 111 684 29]7
===========================
[690 203 827 800 24 563 12 196 207 145 45]26
===========================
[206 29 111 441 813]10
===========================
[133 690 202 690 134 690 56]13
===========================
[137 262 669 307 309 386]6
===========================
[173 524 805 263 51 64 264 317 303]7
===========================
[22 29 111 218 563 853 239 212 295 220]12
===========================
[349 247 394 269 333 6 7 323]6
===========================
[158 67 728 682 81 117 448 117 448 116 511 158 6]23
===========================
[800 173 171 524 152 140 312 315 212 315 304]6
===========================
[117 500 194 21 117 500 194 21 117 500 194 21 117 500 194 21]11
===========================
[200 745 825 745 820 828 689 34 123 572 65 540]27
===========================
[55 690 188 690 182 690 197 435 191 184 690 174 690 53 690 176]8
===========================
[856 152 761 253 107 309 386 340 227 308 310 307]9
===========================
[140 312 315 214 229]28
===========================
[532 177 179 402 695]9
===========================
[169 25 198 533 690 58]6
===========================
[177 179 160 442 729 26 178 677 402 558 256 432 530 526 698]24
===========================
[65 540 123 572 695]12
===========================
[317 303 317 303 253 140 312]7
===========================
[154 562 154 562 155]7
===========================
[305 142 243 379 305 243]6
===========================
[816 560 800 819 804]31
===========================
[212 315 212 315 212 315 313 822]6
===========================
[273 669 247 805 690 13 234 349]6
===========================
[563 196 59 207 111 22]7
===========================
[188 690 182 690 191 197 435 690 184 174 589]9
===========================
[60 263 710 64 264 263 312 822 301 393 214 434 229 273 655 805 349 247]6
===========================
[51 64 264 317 303 253 140]11
===========================
[188 182 690 191 197 435 184 690 174 690 53 690 176 690 33 690 589]17
===========================
[315 212 315 212 315 212 315 212 315 212 315 212 313 822 301 393 214 222]19
===========================
[342 307 309 386 810]8
===========================
[436 207 145 45 813]13
===========================
[273 305 273 305 273 669 805 349]65
===========================
[210 229 314 310 226 140 312]13
===========================
[384 233 305 117 471]7
===========================
[224 210 314 310 229]172
===========================
[315 212 315 212 315 212 315 212 315 212 313 822]11
===========================
[247 690 13 234 209 281]173
===========================
[111 547 218 693 29 111 128]29
===========================
[206 29 111 441 813 189 22 29 111 547]14
===========================
[43 169 25 198 170]8
===========================
[144 409 362 243 317 303 312 315 800]16
===========================
[177 179 56 690 182]7
===========================
[273 669 305 273 305 273 270 669]6
===========================
[253 140 309 386 21 477 487]6
===========================
[264 317 303 171 214 434 222 214 224 273 655 525]6
===========================
[253 376 377 262 143 361 380]17
===========================
[609 657 270 395 269 329 216 318 289]10
===========================
[158 6 728 682 67]10
===========================
[532 65 540 123 572]7
===========================
[819 563 809 816 206 29 563 218 819]10
===========================
[6 563 206 652 350 652]6
===========================
[117 486 305 117 486]7
===========================
[153 167 166 690 737 133 690 202 690 134]11
===========================
[690 33 589 690 192]7
===========================
[256 432 530 526 698 440 699 814 826 849 806 807 402 43 153 167]22
===========================
[6 254 7 343 327]6
===========================
[111 68 29 111 22 29 111 693 29 111 128 563 690 173 524 805 263 51 64 264 317 303]9
===========================
[800 813 111 206 29 111]21
===========================
[312 315 212 313 210]6
===========================
[11 310 11 273 669 305 273]6
===========================
[800 29 111 813 206 29 111 441 189 684 111 173 274 524]23
===========================
[254 268 563 196 563]12
===========================
[45 800 29 111 684]7
===========================
[792 528 802 546 792 528 802 546 792 528 802 546 792 528 802 546]31
===========================
[166 168 165 169 739 737 133 690 202 690]10
===========================
[158 67 728 682 117 448 81]16
===========================
[263 253 140 312 315 214 375 304]9
===========================
[67 725 700 697 455 164]6
===========================
[737 690 133 202 690]19
===========================
[165 169 739 737 133]18
===========================
[482 428 247 428 117 482 428 117 482 428 117 482 428]6
===========================
[117 448 81 117 448 116 511 697 67 164]6
===========================
[295 11 210 314 229]10
===========================
[64 264 317 303 253 140 312 315 212 315 212]8
===========================
[425 67 728 682 6]9
===========================
[29 111 173 274 524]34
===========================
[304 313 800 859 210 314]6
===========================
[563 196 563 800 819 563 809 816 206 29 111 22 29 111 218 563 853 239 212]6
===========================
[413 412 690 9 412 690 8 299 300]28
===========================
[402 43 153 167 166 168 165 169 739 737 133 690 202 690 534]17
===========================
[140 262 675 254 279]6
===========================
[67 728 682 81 117 448 117 448 116 511 158]15
===========================
[262 23 686 23 691 816 163]8
===========================
[691 816 163 200 745 825]7
===========================
[279 293 254 284 281 247 7 4 247 270 395 269 329]6
===========================
[800 822 301 853 314 11 310]11
===========================
[385 140 305 140 305]37
===========================
[735 64 264 265 735 317 303 317 303 253]223
===========================
[690 191 690 182 197]7
===========================
[393 214 434 229 273]6
===========================
[196 59 207 145 809]726
===========================
[116 448 158 67 728 682 117 448 81 6 67 725 700 697]7
===========================
[270 429 395 269 355 780 403]7
===========================
[196 436 813 563 800 819]30
===========================
[177 179 807 402 690 534]7
===========================
[317 303 253 140 312 212 315]6
===========================
[310 273 669 305 805 349]6
===========================
[137 262 23 686 825 820 828 689]6
===========================
[254 279 293 268 154]7
===========================
[270 343 394 269 333 323]44
===========================
[247 394 269 333 7 323 425]27
===========================
[455 700 697 67 164]6
===========================
[687 688 691 325 691]6
===========================
[53 690 176 690 33 690 589 690 192 690 539 690 554 690 141 690 204 690 203 827 800 24 563 12 196 207 145 45 29 813]11
===========================
[394 269 816 22 563]7
===========================
[56 690 533 690 534 690 55 690 188 690 182 690 197]9
===========================
[800 813 800 524 805 263 735 64 264 265 713 735 317 303 317 303 317]8
===========================
[279 293 254 247 7 4 247]8
===========================
[29 111 274 222 214 224 210 669 525 805]6
===========================
[22 29 128 218 563]10
===========================
[563 809 816 45 813]7
===========================
[690 188 690 182 690 197 435 191 184 690 174]15
===========================
[293 254 279 293 254]9
===========================
[301 853 214 434 310]6
===========================
[177 179 160 442 729 26 699 814 826 153 534 690 55 690 188 182]6
===========================
[179 160 442 729 26 178 677 402 558]17
===========================
[745 825 34 65 123 572 27 695]7
===========================
[699 814 826 849 806 807 737 133]15
===========================
[735 171 317 303 317]7
===========================
[206 212 295 220 270 394 269 333]23
===========================
[303 317 303 253 140]10
===========================
[560 800 819 804 317 303 253 140 312 212 315 222 214 224 210 669 804 292 254 279 293 254]14
===========================
[690 176 690 33 690 589]35
===========================
[202 690 134 690 56 690 533 690 534 690 55 690]7
===========================
[7 6 270 395 269 329]7
===========================
[174 690 53 690 176 33 690 589 690 192 690 539 690 554 690 141]6
===========================
[305 370 305 370 305 370 305]42
===========================
[315 212 315 212 210 669]6
===========================
[273 305 273 655 805]6
===========================
[343 270 429 395 269 355 780 403 398 329 325 270]7
===========================
[380 144 409 362 243 317 303 312 315 800 301 306 314 296 297]7
===========================
[137 262 23 686 23 691 816 163 200]6
===========================
[563 321 343 327 563 809 816]7
===========================
[160 442 729 26 699 814 826 849 806 807]82
===========================
[295 316 393 214 224 210]142
===========================
[210 410 229 314 310 273 669 525 805 349]24
===========================
[6 7 270 395 269]6
===========================
[859 295 316 393 214 11 224 210 229 314 11 310 273]6
===========================
[547 693 29 111 128 218 563]7
===========================
[158 81 117 448 67]9
===========================
[182 690 197 435 191 184 690 174 690 53 690 176]20
===========================
[177 179 178 677 558 402 256 432]6
===========================
[226 210 805 775 254 279 293 254 284]6
===========================
[819 270 394 269 333 323]7
===========================
[669 10 653 349 819]8
===========================
[254 284 17 263 51 264 265 51 754 465 458 457 17 290 325]8
===========================
[312 315 357 212 315]8
===========================
[385 254 284 140 305]6
===========================
[254 279 293 254 268 300]6
===========================
[69 21 69 21 69 21 69 21 69 21 200 745]30
===========================
[164 69 21 69 21 69 21 69 21 69 21 69 21 200 745 825 34 27]15
===========================
[655 273 655 805 775]7
===========================
[212 313 822 301 393]10
===========================
[6 67 725 700 697 455 164]11
===========================
[305 273 669 805 349 171]6
===========================
[800 819 804 317 303 253 140 312 212 315 222 214 224 210 669 804 292 254 279 293]6
===========================
[263 51 64 264 317 303 253 140 312 315 212 315 212]13
===========================
[63 146 811 62 218]20
===========================
[759 30 821 759 30 821 759 30 821 759 30 821 759 30 821]71
===========================
[191 690 184 174 690]6
===========================
[279 254 284 254 275]7
===========================
[398 270 395 269 329]6
===========================
[7 425 116 448 158]49
===========================
[247 254 279 293 6]10
===========================
[67 728 682 81 117 448 117 448 116 511 158 67 725 700 697 164 69 21 69 21 69 21 69 21 69 21 69 21 200 745]6
===========================
[81 117 448 6 67 725]11
===========================
[325 691 560 193 804]6
===========================
[140 312 315 214 224 210]9
===========================
[684 29 111 694 29 111 68 29 111 22]70
===========================
[200 745 825 820 828 689 34]6
===========================
[117 448 116 511 158 6]37
===========================
[279 293 254 284 247 6]7
===========================
[301 853 858 859 316 393 214 224 210 410 314 310 229 273 669]7
===========================
[669 270 805 349 394 269]12
===========================
[214 434 224 273 655 638]8
===========================
[316 393 214 669 305]10
===========================
[312 315 214 310 140 312]23
===========================
[169 170 690 736 533]29
===========================
[197 435 184 690 174 690 53 690 176 690 33 690 589]46
===========================
[189 684 29 111 694 29 111 68 29 111 22 563]119
===========================
[29 111 206 563 253]10
===========================
[214 224 349 247 6]7
===========================
[691 193 804 309 386 221 217 235 816 342 308 137]24
===========================
[563 196 436 207 111 813 206 29 563]43
===========================
[534 690 55 690 188 690 182 690 197 435 191 184 690 174 690 53 690 176 33 690 589]9
===========================
[284 247 690 13 234 281 209 247]53
===========================
[682 67 81 117 448 117 448 116 511]8
===========================
[534 690 204 690 203]10
===========================
[343 327 563 809 816]11
===========================
[111 684 140 375 304 312 313]6
===========================
[160 442 729 26 699 167 690 56]41
===========================
[262 669 307 804 686 23 691 686 23 816 163]10
===========================
[818 854 152 747 78 82]11
===========================
[531 276 690 537 690 35 690 538 690 739]137
===========================
[305 254 279 293 305]7
===========================
[347 253 337 140 315]6
===========================
[349 171 6 254 279 293 254]6
===========================
[191 197 435 184 690 174 690 53 690 176 690 33]14
===========================
[797 799 797 799 797 799 797 799 797 799]9
===========================
[279 293 254 284 7]58
===========================
[179 160 442 685 729 26 178 677 402 291]8
===========================
[107 309 386 340 227 308 310 307]31
===========================
[811 816 62 800 819 816 560]6
===========================
[29 29 805 171 152 140 312 315]10
===========================
[425 116 448 158 7]15
===========================
[317 152 152 137 484]9
===========================
[253 140 786 390 379 142]6
===========================
[690 191 197 435 184 690 174 690 53 690 176 690 33 690 589]136
===========================
[325 691 193 550 804]6
===========================
[386 221 217 235 823 810 823 810]85
===========================
[533 690 534 690 55 690 188 690 182]110
===========================
[745 825 34 65 540 123 572 27]26
===========================
[749 746 747 78 78 82]8
===========================
[212 315 212 313 822 301 393 214]42
===========================
[394 269 333 7 323]8
===========================
[253 107 309 386 340 227]7
===========================
[390 320 136 319 379 142]7
===========================
[253 375 305 171 226]16
===========================
[140 312 315 212 313]9
===========================
[685 729 26 178 677 402 256 432 530 526 698 440 564 741 205 733 699 826 849 807 402]40
===========================
[140 305 312 315 214 310 140]8
===========================
[342 137 262 23 686 23 691]10
===========================
[168 165 169 808 538 739]6
===========================
[315 357 214 310 140]6
===========================
[80 762 135 700 697]7
===========================
[158 67 728 682 117 448 116 511 158]6
===========================
[558 402 256 153 534 690 55]7
===========================
[309 386 810 816 560]6
===========================
[376 377 406 411 408]11
===========================
[822 301 393 214 669]16
===========================
[207 145 45 29 111 206 29 111 441 813]102
===========================
[253 140 312 315 214]98
===========================
[134 56 690 533 690 58]12
===========================
[154 562 154 562 154 562]7
===========================
[137 262 669 307 317 303 253 226 140 312 315 212 315]12
===========================
[385 254 284 140 315 675 422]6
===========================
[158 728 682 67 6]12
===========================
[314 11 310 273 669 305 273 305 273 270 669 805 349]6
===========================
[216 318 289 321 343]93
===========================
[111 813 800 111 441 189 684]9
===========================
[301 393 214 434 310]25
===========================
[800 301 853 858 859 316 393 214 224 210]42
===========================
[193 232 215 216 318 322 354]6
===========================
[385 140 675 254 279]59
===========================
[168 165 169 739 690]373
===========================
[224 210 410 229 314 310 273 669 525 805 349 171]10
===========================
[206 29 563 218 819]8
===========================
[170 808 157 740 739]16
===========================
[157 531 276 690 537 690 35 690 538]13
===========================
[690 534 690 204 690 203 690 793 827 159 29 111 206 563 60 147 690 173 524]7
===========================
[105 754 465 458 467 477]6
===========================
[827 800 24 147 563 12 196 207]8
===========================
[111 694 29 111 68 29]39
===========================
[154 562 190 154 562]7
===========================
[196 59 207 111 813 206 563]26
===========================
[27 558 177 179 160 442]34
===========================
[700 697 725 67 164]10
===========================
[45 524 805 263 735 64]7
===========================
[563 196 563 800 819 400 321 563 809 816]11
===========================
[301 853 339 11 858]10
===========================
[558 177 179 160 442 685 729 26 178 677 402 291 256 432 530 526 698 440 564 741 205 731 699 826 849 807 402 43]6
===========================
[690 56 690 533 690]10
===========================
[563 819 563 196 563 816]8
===========================
[697 164 200 745 825 34]6
===========================
[455 67 455 193 164 726 164]6
===========================
[43 153 167 166 168 165 169 739 737 133 690 202 690]111
===========================
[327 816 45 29 111]13
===========================
[425 7 424 425 424]27
===========================
[67 728 682 81 117 448 116 511 158 117 448 6 67]6
===========================
[177 179 178 677 695]6
===========================
[315 212 315 212 313]12
===========================
[45 800 29 111 684 29]17
===========================
[690 176 690 33 589]14
===========================
[563 196 436 207 563]310
===========================
[197 435 191 184 690 174 690 53 690 176 690 33 690 589 690 192 690 539 690 554 690 141 690 204 690 203 827 800 24 563]50
===========================
[315 212 315 212 315 313 822]43
===========================
[586 582 586 578 580 14]6
===========================
[34 65 123 572 532]6
===========================
[196 563 800 819 563]7
===========================
[111 813 206 29 111 441 189 684 111]8
===========================
[295 220 343 327 563]13
===========================
[303 171 253 140 312]6
===========================
[196 206 29 111 22 29 111 547 218 563]10
===========================
[305 312 315 212 315 212 315 212]7
===========================
[816 163 200 689 65]6
===========================
[669 273 669 273 669]7
===========================
[196 207 63 146 811]10
===========================
[313 822 301 393 214 434]6
===========================
[805 349 247 6 7]21
===========================
[295 220 563 196 563]11
===========================
[304 313 315 800 859]9
===========================
[315 212 315 212 313 822 301 393 214 222]14
===========================
[577 585 575 19 253 376 377 262]6
===========================
[212 301 853 214 434]6
===========================
[422 305 749 746 305]11
===========================
[849 806 807 402 43 153]54
===========================
[669 307 804 686 23]135
===========================
[540 27 558 177 179 160 442]11
===========================
[330 230 215 325 687 688]11
===========================
[29 111 206 29 111 218]6
===========================
[440 564 741 205 731 699 826 849 807 402 43]8
===========================
[711 712 303 317 152 117 761 844 818 854 152 253 307 137 105]6
===========================
[690 534 690 55 690 188 690 182 690 197]13
===========================
[807 402 43 153 167 166 690 737 690 133]14
===========================
[425 254 279 293 254 284 17]7
===========================
[347 271 337 422 385 140 315 675 422 254 279]7
===========================
[425 116 448 158 67]24
===========================
[308 310 307 137 262 105]36
===========================
[212 315 212 315 212 313 822 301 393 214]14
===========================
[177 179 807 402 690]23
===========================
[402 43 153 167 166 690 737]99
===========================
[43 169 170 690 736]7
===========================
[749 746 369 749 746]8
===========================
[700 697 67 164 21]12
===========================
[805 263 735 64 317 152 761 834 818 856 152]16
===========================
[29 111 206 29 563 218]35
===========================
[805 263 51 64 264]22
===========================
[611 317 303 253 226 140]7
===========================
[690 203 690 793 827 147]17
===========================
[254 279 293 349 254]7
===========================
[111 206 212 295 220]91
===========================
[729 26 178 677 402]136
===========================
[315 212 315 212 222]6
===========================
[145 45 29 111 206 29 111]120
===========================
[188 182 690 563 12 196 207 145 45]7
===========================
[393 214 224 210 229 314 310 226 140 253 140 375 304]6
===========================
[29 111 206 29 563]8
===========================
[23 691 816 163 200 745 825]39
===========================
[805 263 710 64 253]8
===========================
[321 270 394 269 333]7
===========================
[524 805 263 713 64]11
===========================
[753 254 254 279 753 254 254 279 753 254 254 279 753 254 254 279 753 254 254]6
===========================
[111 547 693 29 111 128 563]361
===========================
[177 179 160 442 685]16
===========================
[305 273 305 273 305 273 669]39
===========================
[29 111 206 212 295 220 343 327]10
===========================
[254 279 293 254 275]9
===========================
[29 813 111 813 206 29]11
===========================
[589 29 111 173 274 524 283]6
===========================
[697 164 69 21 69 21 69 21 69 21 69 21 69]6
===========================
[206 29 563 819 563]33
===========================
[29 220 563 29 111 206 29]20
===========================
[140 315 675 254 279 293]7
===========================
[212 315 212 315 212 315 212 315 212 313]71
===========================
[153 534 690 589 690]8
===========================
[822 301 393 214 222]11
===========================
[745 825 745 820 828 689 34 123 572 65]7
===========================
[29 111 441 189 684]6
===========================
[822 301 393 214 434 222 214 224]6
===========================
[207 145 45 29 813 111 206]28
===========================
[448 117 448 116 511]15
===========================
[813 800 111 441 189 684]7
===========================
[375 315 304 313 800]6
===========================
[526 698 440 699 814 826 849 806 807]26
===========================
[690 192 690 539 690 554 690 141]89
===========================
[305 315 675 422 305 422 305 292 305]6
===========================
[563 196 59 207 111 22 29 563]97
===========================
[745 825 34 65 695 558]6
===========================
[214 229 853 339 11 858 859]11
===========================
[81 117 448 116 164]6
===========================
[11 314 11 310 11 273 669 305]8
===========================
[316 393 214 224 210 229 314]31
===========================
[333 323 563 196 563 800 819 400 321 563 809 816]22
===========================
[284 140 305 315 675]17
===========================
[111 547 693 29 111 128 218 563]10
===========================
[691 193 804 309 386]14
===========================
[330 230 215 325 687 688 691]99
===========================
[262 137 669 307 309]6
===========================
[314 296 297 257 258 210 348 309 386 227]12
===========================
[160 442 729 26 178]76
===========================
[321 343 270 429 395 269 355 780 403 398 329 325 270 395 269 329]6
===========================
[247 158 67 728 682]6
===========================
[657 270 395 269 329 216 318 289 321 343 270 429 395 269 355 780 403 398 329 325 270 395 269 329 325 270 395 269 329 325]8
===========================
[207 145 45 29 111 813 206 29 111 441 189 684 29 111 694 29 111 68 29 111 22]39
===========================
[441 189 684 111 173 274]22
===========================
[229 11 310 273 11]6
===========================
[210 11 314 229 11]6
===========================
[690 56 690 533 534 690]6
===========================
[212 315 304 313 859 295]6
===========================
[402 256 530 526 698 440 565 741 205 692]7
===========================
[807 402 43 153 167 166 168 165 169 739 737 133 690 202 690 534]10
===========================
[315 357 212 315 669]6
===========================
[310 171 226 140 253 140]51
===========================
[511 158 67 725 700 697 164]26
===========================
[11 314 11 310 273 669]14
===========================
[193 804 309 386 221 217 235 816 342]7
===========================
[317 253 107 309 386 340 227 484]18
===========================
[166 690 737 133 690 202 690 134 690 56 690 533 690 534 690]6
===========================
[279 293 254 268 254 268]6
===========================
[652 7 6 343 327 800 816]11
===========================
[745 825 820 828 689]72
===========================
[684 29 111 694 29 111 68 263 735]9
===========================
[210 669 525 805 775 254 279 293]10
===========================
[410 314 310 229 273 669]43
===========================
[117 482 428 117 482 428]1251
===========================
[45 29 111 206 29 111 441 813 189 22 29 111 547]15
===========================
[247 6 247 563 196 436 207 145 45]6
===========================
[563 29 111 206 29 111]8
===========================
[140 375 304 312 315]8
===========================
[540 123 572 65 27]16
===========================
[822 301 853 339 11 858 859]26
===========================
[134 690 56 690 533 690 534]43
===========================
[834 818 856 152 761 834 818 856 152 761]8
===========================
[164 69 21 69 200]7
===========================
[254 424 425 425 116 448]9
===========================
[669 305 273 305 273 305 273 669 805]8
===========================
[214 224 210 229 314 310 273 669 805 349]12
===========================
[176 690 33 589 690 192]10
===========================
[547 693 29 111 128 563]173
===========================
[305 270 395 269 329]27
===========================
[111 441 29 813 189 22]6
===========================
[43 153 167 166 690 737 133 690 202 690 134 690 56 690 533 690 534 690 55 690 188 690 182]9
===========================
[152 761 834 818 856]29
===========================
[349 281 247 6 254]9
===========================
[317 303 253 226 140]6
===========================
[343 278 780 403 398]13
===========================
[247 690 13 234 281 209 247]307
===========================
[22 29 111 218 563 218]30
===========================
[168 165 169 739 737 133 690]45
===========================
[264 265 713 735 317 303 317 303 317]20
===========================
[799 797 799 797 799]12
===========================
[145 45 29 813 111]100
===========================
[6 117 448 81 117 448 116 511]7
===========================
[29 111 684 263 214 140]9
===========================
[56 690 182 589 690 29]6
===========================
[81 117 448 117 448 116 511 158 6]25
===========================
[212 295 220 270 394 269 333 321 343 327]6
===========================
[141 690 204 690 203 827 800 24 563 12 196 207 145 45 29]6
===========================
[315 212 315 212 315 212 313]7
===========================
[212 315 212 315 212]9
===========================
[153 167 166 168 165 169]106
===========================
[279 254 279 254 279 254 279 254 279 254 279 254 279 254 279 254 279 254 279 254 279 254 279 254 279 254 279 254 279 254]163043
===========================
[686 23 691 816 163 200 745 825 34]19
===========================
[154 562 155 185 148]6
===========================
[805 349 247 171 6]6
===========================
[690 55 690 188 690 191 182 690 589 29 111]8
===========================
[562 155 185 154 562 155]6
===========================
[315 212 822 301 393]9
===========================
[563 809 816 45 29 813 111 813 206]11
===========================
[814 826 849 806 807 402 43 153 167]62
===========================
[140 675 254 279 385]15
===========================
[256 432 530 526 402]38
===========================
[540 27 65 123 572]6
===========================
[34 540 123 572 27 65]12
===========================
[270 395 269 329 216 318]12
===========================
[737 133 690 202 690 134 690 56 690 533 690 534 690 55 690 188 690 182 690]7
===========================
[426 427 426 427 426 427 426 427 275]10
===========================
[695 532 558 402 43 153 167]7
===========================
[305 385 254 279 293 140 305]6
===========================
[800 24 563 12 196 207 145 45 29]50
===========================
[279 413 412 690 9]9
===========================
[363 243 348 309 386]7
===========================
[200 745 825 34 65 540 123 572 27 558]6
===========================
[313 800 822 301 853 339 858 859 210]9
===========================
[775 777 251 420 277 690 13 234]6
===========================
[385 305 254 279 293 140 305]9
===========================
[305 675 305 254 279]8
===========================
[379 142 305 243 406]10
===========================
[315 212 822 301 393 214 310 140]9
===========================
[728 682 81 117 448 116 511 158 117 448]17
===========================
[197 435 184 690 191]13
===========================
[30 821 759 30 821]8
===========================
[23 686 23 691 816 163 200]11
===========================
[690 55 690 188 690]29
===========================
[310 11 273 669 305]12
===========================
[563 196 59 29 111 206 29 563 218]7
===========================
[67 725 700 697 67]18
===========================
[207 145 809 45 29]58
===========================
[761 834 152 305 761 834 152 305 761 834 152 305 761 834 152 305]12
===========================
[686 23 691 560 816]7
===========================
[164 200 745 825 34 65 27]14
===========================
[269 333 323 563 196 563 800 819 400 321 563 809 816 45 29]8
===========================
[264 265 735 317 303 317]186
===========================
[43 153 167 166 690 737 133 690 202 690 134 690 56]6
===========================
[805 247 690 13 234]11
===========================
[310 273 669 305 273]9
===========================
[816 342 308 137 262 669 307 317 303 253 226 140 312 315 212 315]16
===========================
[17 754 465 458 457 290 325 286]7
===========================
[424 425 7 424 425 116]7
===========================
[800 813 524 805 263]6
===========================
[690 737 133 690 202 690 134 690 56 690 533 690 534]36
===========================
[472 477 499 194 21 477 498]35
===========================
[157 740 739 736 533 690 58]9
===========================
[822 301 393 214 224 210 669]25
===========================
[63 146 811 816 196 207 62]10
===========================
[690 53 690 176 33 690 589 690 192]9
===========================
[29 111 547 693 29 111 128 563 196]15
===========================
[533 690 58 690 534 690]6
===========================
[234 281 209 117 483 117 483 247 259 292 254 424 425 424 425 424 425 424 425 424 425 424 425 424 425 254 279 293 254 284]7
===========================
[800 822 301 853 339 11 858 859 295]8
===========================
[11 310 273 669 669 270 805 349]8
===========================
[173 171 524 152 140 312]6
===========================
[29 111 694 29 111 68 152 140 312 315 214 310 171 226 140 253 140]61
===========================
[29 111 813 800 813]9
===========================
[436 207 145 45 29 111]14
===========================
[29 111 694 29 111 68 263]162
===========================
[27 695 558 532 177 179 160 442]7
===========================
[825 745 820 828 689 34 123 572]64
===========================
[675 254 279 422 305]6
===========================
[315 212 315 212 315 212 315 313]173
===========================
[754 465 458 472 477 484]12
===========================
[159 29 563 60 350 652]7
===========================
[107 82 107 82 107 82 759 821 107 82 107 82 107 82]6
===========================
[422 305 347 305 337 305]6
===========================
[177 179 160 442 32]25
===========================
[167 166 690 737 133 690 202 690 134]6
===========================
[669 305 273 305 273 270 669 805 349]17
===========================
[563 819 563 196 563 800 819 563 809 816 45 29 813 111 813 206 212 295 220]6
===========================
[759 30 821 759 30 821 759 30 821 759 30 821 759 30 821 759 30 821 759 30 821 759 30 821 759 30 821 759 30 821]7553
===========================
[800 819 563 809 816]86
===========================
[176 690 33 690 589]6
===========================
[825 34 65 540 123 572]39
===========================
[691 193 804 686 23 686 825]8
===========================
[314 11 310 11 273 669]9
===========================
[669 273 669 805 775]7
===========================
[45 813 29 111 206 29 563]21
===========================
[733 699 826 849 807 402 43]6
===========================
[813 206 212 295 220]8
===========================
[818 856 152 761 253 107 309 386 340 227 308 310 307 262 105 137]8
===========================
[6 725 700 697 67 164]10
===========================
[435 184 33 589 690 192]6
===========================
[521 117 521 117 521 117 521 117 521 117 521 117 521 117 521 117 521 117 521 117 521 117 521 117 521 117 521 117 521 117]8
===========================
[263 51 264 265 51]8
===========================
[700 697 164 200 745]8
===========================
[690 204 690 203 690 793 827 159]16
===========================
[561 63 146 811 196 207 62 218]6
===========================
[819 343 327 563 196 563]7
===========================
[254 279 293 140 675]6
===========================
[690 182 690 197 435 191]26
===========================
[563 196 59 22 29 563]24
===========================
[145 45 813 29 813 111 206]8
===========================
[45 859 210 314 229]7
===========================
[563 196 29 111 22]7
===========================
[268 254 268 6 254 268]8
===========================
[394 269 333 321 343 327]9
===========================
[822 301 393 214 310 140]17
===========================
[563 196 563 816 212 295 220]8
===========================
[800 29 111 684 140 375 304 312 313 800 822 301 853 339 11 858 859]16
===========================
[813 111 800 813 206 29 111 441 189 684 29 111 694 29 111 68 29 111 22 29 111 693 29 111 128 563 690 173 524 805]6
===========================
[539 690 554 690 141 690 204 690 203 827 800 24 563 12 196 207 145 45 29]13
===========================
[690 29 29 805 171 152 140 312 315 214]8
===========================
[349 281 209 247 349]11
===========================
[229 314 310 273 669]38
===========================
[729 26 699 814 826 849 806 807]14
===========================
[192 690 539 690 554 141 690 204 45]6
===========================
[684 29 111 694 29 111]10
===========================
[761 834 818 856 152 253 140]182
===========================
[56 690 182 589 111 684]17
===========================
[203 827 800 45 800 29 111]7
===========================
[301 306 227 810 816 312 212 315 313 800 822]8
===========================
[804 309 386 810 816]15
===========================
[465 458 472 477 499 194 21]13
===========================
[207 145 45 813 29 111 206 29 563 247]9
===========================
[152 107 82 761 834]13
===========================
[279 254 279 254 279]17
===========================
[7 270 395 269 329]7
===========================
[669 305 273 305 273 669 270 805 349]7
===========================
[442 729 26 699 814 826 153 534 690]16
===========================
[182 690 191 197 435 184 690 174 690 53 690 176 690 33 690 589 141 690 204]12
===========================
[690 182 589 690 192]18
===========================
[29 563 819 563 196 563 800 819 563 809 816]8
===========================
[192 45 800 29 111 684 29]39
===========================
[425 424 425 7 424]6
===========================
[853 858 859 316 393 214 224 210]21
===========================
[440 699 814 826 849 806 807 402]10
===========================
[816 163 200 745 825 34 540]10
===========================
[34 65 695 123 572]9
===========================
[270 395 269 254 268 329]6
===========================
[226 140 253 140 212 315 304 313 800 822 301 853]13
===========================
[29 111 22 29 111 693 29 111 128 563 690 173 524 805 263]338
===========================
[117 502 116 501 158]8
===========================
[442 685 729 26 178 677]7
===========================
[363 243 317 303 312]8
===========================
[206 29 111 441 189 684]11
===========================
[167 166 168 165 169 739 737 133 690 202 690 534]6
===========================
[816 560 816 560 816]6
===========================
[305 273 305 273 669 805 349 171 247 6 254]7
===========================
[117 448 116 511 158]10
===========================
[563 800 819 343 327 563 809 816]33
===========================
[342 308 262 137 23]6
===========================
[385 254 279 293 140]24
===========================
[690 188 690 191 182 690]18
===========================
[808 157 740 739 736 533 690 58 690 534 690 204 690 203 690 793 827]7
===========================
[694 29 111 68 152 140 312 315 214]33
===========================
[312 313 800 822 301 853 339 858 859]12
===========================
[247 259 292 254 424 425 424 425 424 425]11
===========================
[34 27 65 123 572]6
===========================
[210 229 314 310 226 140 253 140 375 304]8
===========================
[212 295 220 323 563]11
===========================
[212 315 212 315 212 315 212]8
===========================
[253 140 312 315 853]7
===========================
[212 315 212 315 212 315 212 315 212 315 212 313 822 301 393 214]429
===========================
[690 141 690 204 690 203 827]13
===========================
[247 563 196 436 207 111]6
===========================
[210 669 525 805 349]8
===========================
[206 29 111 22 29 563 690 173]68
===========================
[153 167 166 168 165 169 739 690 738 133 690 202 690 56 690 533 690 534 690 55 690 188 690 182 690]7
===========================
[853 339 11 858 859]8
===========================
[435 184 690 174 53 589 690 192 45 800]6
===========================
[859 295 316 393 214 224 210 229]6
===========================
[761 834 818 856 152 761 834 818 856 152 761 834 818 856 152]366
===========================
[26 168 165 169 808 538 739 690 737]7
===========================
[305 140 305 315 675]6
===========================
[12 196 207 145 45 800]13
===========================
[28 64 264 265 201 28]7
===========================
[748 324 748 324 748 324 748 324 748 324 748 324 748 324 748 324 748 324 748 324]6
===========================
[226 140 253 304 140]17
===========================
[442 729 26 178 677 402]6
===========================
[200 745 825 34 540]59
===========================
[117 448 117 448 116 511 158]21
===========================
[200 745 825 34 65 123 572 540 27 695]9
===========================
[173 274 524 805 263]6
===========================
[563 800 45 218 819]19
===========================
[212 822 301 393 214 310]6
===========================
[315 304 313 800 822]8
===========================
[804 317 303 253 140 312 212 315 222 214 224 210 669 804]9
===========================
[695 177 179 160 442 729 26 178 677 402 558 256 432 530 526 698]7
===========================
[315 212 315 313 800 301 853 858 859 316 393 214]15
===========================
[375 305 140 305 312 315]9
===========================
[170 808 157 740 739 690 737 56 533 690 58 690]6
===========================
[699 814 826 849 806 807 402 43 153 167 166 168]13
===========================
[159 563 196 563 60]15
===========================
[264 265 201 317 303 317 303]11
===========================
[27 65 123 572 532]6
===========================
[813 206 29 563 60]22
===========================
[690 58 690 534 690 55]9
===========================
[303 171 253 140 313 312 315]8
===========================
[152 761 253 107 309 386 340]15
===========================
[145 809 206 29 111 22 29 111 547 218]16
===========================
[657 270 395 269 329 216 318]6
===========================
[482 117 482 117 482 117 482 117 482 117 482 117 482 117 482 117 482 117 482 117 482 117 482 117 482 117 482 117 482 117]9
===========================
[361 380 243 317 303 312]6
===========================
[264 317 303 171 253]7
===========================
[684 140 375 304 312]7
===========================
[279 293 254 284 563]14
===========================
[14 775 777 251 420 277 690 13 234 281 209 117 483 117 483 247 259 292 254 424 425 424 425 424 425]13
===========================
[281 209 247 6 7]6
===========================
[563 800 819 400 816 220]6
===========================
[254 284 247 690 13 234 281 209 247 4 7]14
===========================
[29 563 819 343 327]14
===========================
[279 293 254 425 424 425]6
===========================
[814 826 849 806 807]14
===========================
[563 196 563 800 819 343 327 563 809 816]9
===========================
[563 196 59 207 145 809 45]7
===========================
[317 152 0 117 761 837 818 854 152 253 307 0]11
===========================
[422 305 422 305 292]9
===========================
[800 822 301 853 339]7
===========================
[652 350 652 350 652]6
===========================
[428 175 428 175 428 175 428 175 428 175 428 175 428 175 428 175 428 175 428 175 428 175 428]6
===========================
[133 690 192 45 800 29 111 684 29]17
===========================
[179 160 442 729 26 699 814 826 849 806 807 737 133]41
===========================
[105 754 465 458 472 477 484]29
===========================
[441 189 684 29 111 694 29 111 68 29 111 22]969
===========================
[64 264 263 317 303 171]8
===========================
[197 435 184 690 174 690]7
===========================
[182 690 191 197 435]18
===========================
[254 279 293 413 412 690 9 412 690 8 299 300]8
===========================
[67 725 700 697 164]6
===========================
[303 761 834 818 856 152]284
===========================
[819 563 809 816 45]25
===========================
[145 45 29 111 813]21
===========================
[164 200 745 572 532]7
===========================
[737 133 690 202 690 134 690 56 690 533]68
===========================
[301 853 339 11 314 11 310]25
===========================
[214 224 210 229 314 310 226 140 253 140 375 304 312 315 212 315 212 315 212]23
===========================
[279 293 254 279 254 275]9
===========================
[26 699 814 826 153]7
===========================
[111 29 111 206 652]8
===========================
[349 247 254 279 293 7]6
===========================
[690 192 45 800 29 111]93
===========================
[243 379 142 305 749 746]9
===========================
[224 210 229 314 310 226 140 253 140 375 304 312]17
===========================
[313 800 822 301 853 314 11 310 11 273 669]7
===========================
[754 465 458 498 804]8
===========================
[697 67 164 69 21 745]8
===========================
[176 690 33 690 589 141 690 204]16
===========================
[147 563 800 563 60]7
===========================
[207 63 146 811 62 218 819]12
===========================
[305 313 822 301 393 214 669]9
===========================
[690 53 690 176 690 33 690 589]47
===========================
[690 134 56 690 533 690 58 690 534]18
===========================
[30 821 759 30 821 759 30 821 759 30 821]15
===========================
[690 56 690 182 589]7
===========================
[690 435 184 690 174]8
===========================
[140 675 254 279 563]6
===========================
[6 270 395 269 396]6
===========================
[436 207 145 45 29 813 111 206]55
===========================
[728 682 117 448 81 6]8
===========================
[293 254 284 281 247 7 4]6
===========================
[435 184 690 174 690]7
===========================
[500 194 21 117 500 194 21 117]6
===========================
[289 321 343 270 429 395 269 355 780 403 398 329 325 270 395 269 329 325 270 395 269 329]16
===========================
[196 207 63 305 146 811 305]6
===========================
[313 800 301 853 858 859 316 393 214 224 210 410 314 310 229 273 669]8
===========================
[729 26 178 677 402 256 432 530 526 698 440 564 741 205 733 699 826 849 807 402]37
===========================
[695 558 532 177 179]10
===========================
[402 690 534 690 55 690]11
===========================
[315 357 212 212 315]6
===========================
[226 140 312 315 212]30
===========================
[192 690 539 690 554]7
===========================
[196 563 800 819 400 321]14
===========================
[295 316 393 214 11 224 210]8
===========================
[684 263 214 140 375]6
===========================
[6 67 728 682 81 117 448]29
===========================
[234 349 281 209 247]10
===========================
[402 690 56 690 182]6
===========================
[497 456 452 451 452]491
===========================
[273 655 805 775 254]9
===========================
[133 690 202 690 134 690 56 690 533 690 534 690 55 690 188 690 182]11
===========================
[834 152 279 293 254 761 834 152]9
===========================
[317 303 312 257 348]10
===========================
[229 853 339 858 859]6
===========================
[563 819 270 394 269 333 323]6
===========================
[325 270 395 269 329 325 270 395 269 329]12
===========================
[171 226 140 253 140]9
===========================
[825 820 828 689 27]6
===========================
[690 182 589 111 684]6
===========================
[167 166 168 165 169 739 737 182 589 29 111]7
===========================
[214 229 171 226 140 253 140 375 859 210]13
===========================
[330 325 687 688 691]6
===========================
[107 82 821 107 82]21
===========================
[402 43 153 167 166 690 737 133 690 202 690 134 690 56 690 533 690 534 690 55 690 188 690 182 690 197]10
===========================
[29 563 819 816 45]6
===========================
[259 292 254 424 425 424 425 424 425 424 425 424 425 424 425 424 425]17
===========================
[182 690 563 12 196 207]15
===========================
[29 111 22 29 111 547 218 563 853 239 212]227
===========================
[111 441 189 684 263]6
===========================
[45 29 111 206 212 295 220]27
===========================
[43 153 167 166 534]13
===========================
[200 745 825 34 65 27]8
===========================
[145 45 813 29 111 206 29 563]315
===========================
[563 196 59 207 218 563]10
===========================
[315 669 273 669 805 349]6
===========================
[158 725 700 697 67]27
===========================
[23 686 23 691 563]7
===========================
[385 140 262 675 254 279]8
===========================
[749 746 747 78 82]11
===========================
[34 65 27 123 572 540]9
===========================
[308 137 262 669 307]72
===========================
[179 178 677 532 558 402]7
===========================
[229 171 226 140 253 140 375]28
===========================
[416 780 236 416 780 236]22
===========================
[379 142 749 746 304]7
===========================
[131 132 571 690 184 150]8
===========================
[562 789 148 789 154 562 154 562]12
===========================
[563 800 819 563 809 816 206]12
===========================
[245 213 858 859 240 295]25
===========================
[51 64 264 317 303 253 171 226]10
===========================
[804 309 810 342 308 137 262 23]10
===========================
[532 807 402 43 153 167 166 168 165 169 739 737]7
===========================
[153 167 166 168 165 169 739 737 133 690 202]7
===========================
[56 690 533 690 534]60
===========================
[177 179 160 442 685 729 26 178 677 402 291 256 432 530 526 698 440 564 741 205 731 699 826 849 807 402]7
===========================
[822 301 210 669 349]10
===========================
[690 204 690 203 827 800 24 563 12 196 207 145 45 29]60
===========================
[78 82 749 746 747 78 82 749 746 747 78 82]8
===========================
[222 214 224 210 669 804]8
===========================
[65 540 123 572 27]14
===========================
[800 822 301 853 339 11 314 11 310 11 273 669 305 273]6
===========================
[177 179 160 533 690 58 690]6
===========================
[313 800 822 301 853 339 11 858 859 295]8
===========================
[152 107 769 817 80 762 135]8
===========================
[819 804 317 303 253 140 312 212 315 222 214 224 210 669 804 292 254 279]9
===========================
[170 808 157 740 739 533]23
===========================
[442 32 402 256 692 733 699 826 849 807 402 43 169]55
===========================
[805 349 254 279 293]11
===========================
[221 217 235 823 810]86
===========================
[21 69 21 69 21 69 21 69 21 200]17
===========================
[804 309 386 221 217 235]8
===========================
[270 395 269 329 343]32
===========================
[713 317 303 317 303 253]9
===========================
[116 511 697 455 164]9
===========================
[692 733 699 826 849 807 402 43 169]7
===========================
[253 375 305 140 312 315]7
===========================
[214 224 210 314 310 229 140]18
===========================
[111 813 206 29 111 441 189 684 29 111 694 29 111 68 29 111 22 563 350 652 563 196 436 207 145 45 29]6
===========================
[728 682 67 117 448]10
===========================
[111 22 29 111 218 563 819]28
===========================
[723 722 830 717 830 831 715 831]9
===========================
[317 303 253 140 312]14
===========================
[745 825 745 820 828]31
===========================
[315 212 313 800 301]18
===========================
[690 56 690 182 589 111 684]21
===========================
[6 563 196 436 813 563]6
===========================
[200 828 678 689 34]13
===========================
[206 29 111 22 29 111 547 218 563 853 239 212 384]6
===========================
[174 690 53 690 176 690 33 690 589 141 690 204]19
===========================
[754 465 458 467 477 485]7
===========================
[690 173 524 805 263]43
===========================
[29 111 547 218 563]65
===========================
[305 805 349 254 425]6
===========================
[775 777 251 277 420 690 13]7
===========================
[690 13 234 281 209]33
===========================
[254 761 834 818 856 152 761 834 818 856 152 761 834 818 856 152]15
===========================
[858 859 316 393 214]21
===========================
[690 534 690 55 690 188 191]8
===========================
[7 254 279 293 254]16
===========================
[589 690 192 45 800]9
===========================
[563 800 819 563 809 816 45 29 813]9
===========================
[24 563 12 196 207 145 45]31
===========================
[254 279 293 254 284 6]62
===========================
[304 305 254 279 293]7
===========================
[339 11 314 11 310]6
===========================
[214 669 305 273 305 273 305 273 669]12
===========================
[695 532 558 123 572]6
===========================
[677 695 532 402 256]7
===========================
[273 305 273 270 669 805 349]12
===========================
[314 11 310 273 669]20
===========================
[312 315 214 310 140 305]6
===========================
[563 196 206 29 563]37
===========================
